1 1.26180173886554243e-02
2 1.26269365458115904e-02
3 2.08146350449203710e-02
4 2.08144030096562328e-02
5 2.85912484085762801e-02
6 2.85617091670633538e-02
7 3.55780253943488028e-02
8 3.54247742264888268e-02
9 4.12961477731638507e-02
10 4.08357267032458601e-02
11 4.52794030237764003e-02
12 4.42916938850956357e-02
13 4.73061705642927183e-02
14 4.55064323179123903e-02
15 1.22671256109552606e-02
16 1.22775047847505144e-02
17 4.73003236376044120e-02
18 1.30643674576910312e-02
19 1.30566260123370064e-02
20 4.45099407120904678e-02
21 1.29526487522900104e-02
22 1.29412872561010060e-02
23 4.50576140222871332e-02
24 4.12651790861334258e-02
25 1.23062231849585327e-02
26 1.22556999916378119e-02
27 4.00526615861676871e-02
28 1.12879226205353164e-02
29 1.12115779535745183e-02
30 3.54328293833435642e-02
31 9.98811324672840145e-03
32 9.87723286739652928e-03
33 3.45242005106899397e-02
34 2.93077368482120640e-02
35 8.46197273037128939e-03
36 8.39080854759053849e-03
37 2.80847376406692557e-02
38 2.22758626397148544e-02
39 6.17761583440583177e-03
40 6.12686362875588131e-03
