1 4.72201735582971575e-03
2 1.41461012892654201e-02
3 2.34382217485501823e-02
4 3.23636199939980954e-02
5 4.01781702055729328e-02
6 4.60986891570747057e-02
7 1.56242786944564421e-02
8 1.55213190342543047e-02
9 2.10981496817371598e-02
10 2.07010530957156234e-02
11 4.95713350636311015e-02
12 2.57722525319625598e-02
13 2.47825949458032081e-02
14 5.06306105146748786e-02
15 2.93324675169361927e-02
16 2.75354951003561332e-02
17 3.12760906296342123e-02
18 2.86216510032732997e-02
19 4.98235790048152244e-02
20 3.03275973763194526e-02
21 2.70561311113931974e-02
22 4.75824263447813048e-02
23 2.84159937531561352e-02
24 2.46621936042696055e-02
25 4.36395389010959325e-02
26 2.62143842054212914e-02
27 2.20221237857962555e-02
28 8.02676287592224078e-03
29 8.16656052952511279e-03
30 3.65012119309985963e-02
31 2.34549149225670023e-02
32 1.90696863352597737e-02
33 7.62794763647953525e-03
34 7.76999108130896170e-03
35 6.79845871032639520e-03
36 6.91731341475464688e-03
37 2.86647768166267414e-02
38 1.93494999981834274e-02
39 1.51570160022283622e-02
40 5.62073316777438482e-03
41 5.71704092827023981e-03
